0 0 136
1 0 154
2 0 109
3 0 50
4 0 80
5 0 130
6 0 41
7 1 61
8 1 50
9 1 36
10 2 136
11 2 105
12 2 154
13 2 50
14 2 152
15 2 80
16 2 41
17 3 104
18 3 50
19 4 136
20 4 154
21 4 70
22 4 132
23 4 80
24 4 168
25 4 41
26 5 217
27 5 130
28 6 38
29 6 50
30 7 173
31 7 177
32 7 118
33 8 136
34 8 154
35 8 53
36 8 50
37 9 105
38 9 154
39 9 84
40 9 106
41 9 128
42 9 50
43 9 152
44 9 130
45 9 41
46 9 136
47 9 70
48 9 80
49 9 141
50 10 105
51 10 136
52 10 25
53 10 61
54 10 70
55 10 223
56 10 50
57 10 80
58 10 8
59 10 130
60 10 133
61 10 41
62 11 192
63 11 84
64 11 96
65 11 106
66 11 50
67 11 48
68 11 68
69 11 130
70 11 41
71 11 136
72 11 78
73 11 191
74 11 70
75 11 30
76 12 50
77 12 204
78 13 81
79 13 179
80 13 130
81 14 159
82 14 172
83 14 120
84 14 80
85 14 130
86 15 200
87 16 136
88 17 200
89 17 68
90 18 192
91 18 136
92 18 184
93 18 144
94 18 42
95 18 47
96 18 200
97 18 130
98 18 94
99 18 89
100 18 143
101 19 11
102 19 154
103 19 50
104 19 80
105 19 112
106 19 130
107 19 41
108 20 136
109 20 154
110 20 109
111 20 189
112 20 163
113 20 50
114 20 80
115 21 136
116 21 49
117 21 109
118 21 189
119 21 36
120 21 111
121 22 154
122 22 106
123 22 104
124 22 50
125 22 80
126 22 130
127 22 77
128 22 164
129 22 41
130 23 173
131 23 200
132 24 192
133 24 173
134 24 136
135 24 45
136 24 200
137 24 44
138 24 118
139 24 206
140 24 156
141 24 174
142 24 63
143 25 136
144 25 87
145 25 84
146 25 50
147 25 80
148 25 69
149 25 194
150 25 41
151 26 136
152 26 51
153 26 99
154 27 136
155 27 154
156 27 84
157 27 203
158 27 50
159 27 98
160 27 41
161 28 154
162 28 120
163 28 50
164 29 80
165 30 136
166 30 11
167 30 169
168 30 50
169 30 168
170 30 22
171 30 41
172 31 136
173 31 50
174 31 63
175 32 50
176 33 136
177 33 50
178 34 136
179 34 154
180 34 45
181 34 61
182 34 50
183 34 80
184 34 130
185 35 105
186 35 84
187 35 103
188 35 50
189 35 130
190 35 69
191 35 41
192 35 136
193 35 80
194 35 37
195 35 111
196 36 136
197 36 84
198 36 50
199 36 123
200 37 87
201 37 154
202 37 50
203 37 130
204 37 213
205 37 136
206 37 157
207 37 197
208 37 18
209 37 78
210 37 101
211 37 70
212 37 181
213 38 84
214 38 6
215 38 50
216 39 136
217 39 161
218 40 136
219 40 62
220 41 25
221 41 154
222 41 11
223 41 103
224 41 106
225 41 50
226 41 95
227 41 164
228 41 213
229 41 194
230 41 31
231 41 157
232 41 172
233 41 70
234 41 200
235 41 205
236 41 19
237 41 87
238 41 193
239 41 131
240 41 171
241 41 168
242 41 9
243 41 69
244 41 28
245 41 35
246 41 111
247 41 49
248 41 226
249 41 214
250 41 169
251 41 223
252 41 48
253 41 119
254 41 44
255 41 152
256 41 4
257 41 10
258 41 97
259 41 22
260 41 195
261 41 136
262 41 197
263 41 101
264 41 109
265 41 120
266 41 104
267 41 0
268 41 30
269 41 132
270 41 185
271 41 80
272 41 204
273 41 123
274 41 211
275 41 102
276 41 219
277 41 128
278 41 189
279 41 165
280 41 2
281 41 130
282 41 176
283 41 173
284 41 45
285 41 203
286 41 86
287 41 98
288 41 77
289 42 18
290 43 136
291 43 11
292 43 154
293 43 80
294 44 192
295 44 154
296 44 131
297 44 50
298 44 130
299 44 21
300 44 95
301 44 41
302 44 136
303 44 70
304 44 80
305 44 71
306 44 77
307 45 25
308 45 84
309 45 189
310 45 50
311 45 130
312 45 41
313 45 83
314 45 136
315 45 43
316 45 109
317 45 180
318 45 132
319 45 80
320 45 123
321 46 130
322 46 133
323 47 18
324 48 192
325 48 205
326 48 11
327 48 154
328 48 84
329 48 65
330 48 50
331 48 130
332 48 41
333 48 136
334 48 173
335 48 53
336 48 70
337 48 109
338 48 200
339 48 35
340 48 132
341 48 80
342 49 182
343 49 136
344 49 157
345 49 138
346 49 70
347 49 109
348 49 189
349 49 50
350 49 80
351 49 130
352 49 176
353 50 25
354 50 11
355 50 1
356 50 106
357 50 151
358 50 34
359 50 227
360 50 95
361 50 125
362 50 213
363 50 194
364 50 157
365 50 70
366 50 200
367 50 149
368 50 118
369 50 207
370 50 192
371 50 205
372 50 19
373 50 131
374 50 171
375 50 168
376 50 32
377 50 69
378 50 150
379 50 114
380 50 28
381 50 73
382 50 111
383 50 58
384 50 49
385 50 226
386 50 84
387 50 169
388 50 119
389 50 48
390 50 163
391 50 152
392 50 93
393 50 175
394 50 74
395 50 57
396 50 159
397 50 217
398 50 197
399 50 134
400 50 3
401 50 123
402 50 211
403 50 37
404 50 102
405 50 65
406 50 234
407 50 189
408 50 165
409 50 112
410 50 130
411 50 176
412 50 45
413 50 8
414 50 98
415 50 77
416 50 208
417 50 199
418 50 182
419 50 154
420 50 186
421 50 20
422 50 75
423 50 164
424 50 41
425 50 31
426 50 172
427 50 87
428 50 6
429 50 193
430 50 36
431 50 215
432 50 88
433 50 9
434 50 59
435 50 27
436 50 35
437 50 105
438 50 214
439 50 221
440 50 223
441 50 229
442 50 33
443 50 44
444 50 10
445 50 97
446 50 22
447 50 195
448 50 79
449 50 136
450 50 198
451 50 12
452 50 38
453 50 228
454 50 109
455 50 120
456 50 104
457 50 0
458 50 30
459 50 132
460 50 185
461 50 80
462 50 204
463 50 219
464 50 61
465 50 96
466 50 128
467 50 220
468 50 115
469 50 68
470 50 2
471 50 203
472 50 53
473 50 86
474 50 127
475 50 210
476 51 136
477 51 26
478 51 72
479 52 80
480 53 136
481 53 226
482 53 172
483 53 189
484 53 50
485 53 48
486 53 152
487 53 118
488 53 37
489 54 136
490 55 105
491 55 80
492 55 130
493 55 37
494 55 69
495 56 192
496 56 70
497 56 80
498 57 50
499 57 204
500 58 50
501 59 136
502 59 154
503 59 19
504 59 70
505 59 180
506 59 50
507 59 146
508 59 130
509 59 21
510 59 125
511 59 88
512 60 173
513 60 200
514 61 84
515 61 70
516 61 145
517 61 30
518 61 50
519 61 130
520 61 97
521 61 41
522 62 136
523 62 40
524 63 192
525 63 136
526 63 200
527 63 24
528 64 136
529 64 124
530 65 136
531 65 87
532 65 154
533 65 84
534 65 70
535 65 27
536 65 200
537 65 50
538 65 48
539 65 206
540 65 130
541 66 192
542 66 200
543 66 118
544 67 80
545 68 192
546 68 136
547 68 65
548 68 106
549 68 200
550 68 50
551 68 17
552 69 87
553 69 154
554 69 84
555 69 119
556 69 50
557 69 130
558 69 168
559 69 125
560 69 92
561 69 213
562 69 41
563 69 136
564 69 203
565 69 80
566 70 11
567 70 103
568 70 106
569 70 145
570 70 121
571 70 213
572 70 194
573 70 43
574 70 157
575 70 200
576 70 118
577 70 133
578 70 192
579 70 205
580 70 19
581 70 183
582 70 171
583 70 168
584 70 69
585 70 110
586 70 84
587 70 48
588 70 163
589 70 119
590 70 152
591 70 142
592 70 56
593 70 159
594 70 211
595 70 102
596 70 37
597 70 65
598 70 100
599 70 189
600 70 165
601 70 130
602 70 176
603 70 218
604 70 77
605 70 154
606 70 126
607 70 50
608 70 41
609 70 172
610 70 191
611 70 162
612 70 87
613 70 193
614 70 9
615 70 59
616 70 105
617 70 223
618 70 229
619 70 44
620 70 4
621 70 97
622 70 22
623 70 195
624 70 136
625 70 198
626 70 190
627 70 132
628 70 80
629 70 219
630 70 96
631 70 128
632 70 160
633 70 173
634 70 78
635 70 203
636 70 135
637 70 86
638 70 127
639 71 136
640 71 134
641 71 200
642 72 136
643 72 51
644 72 80
645 72 93
646 72 37
647 73 50
648 74 136
649 74 172
650 74 50
651 74 185
652 75 136
653 75 154
654 75 49
655 75 128
656 75 120
657 75 181
658 75 50
659 75 86
660 75 80
661 75 77
662 75 41
663 76 130
664 76 22
665 77 74
666 77 154
667 77 84
668 77 50
669 77 80
670 77 130
671 77 125
672 77 9
673 77 111
674 78 84
675 78 70
676 78 80
677 78 130
678 79 136
679 79 50
680 79 44
681 80 25
682 80 11
683 80 67
684 80 106
685 80 1
686 80 34
687 80 95
688 80 125
689 80 14
690 80 178
691 80 43
692 80 157
693 80 70
694 80 52
695 80 180
696 80 118
697 80 192
698 80 205
699 80 19
700 80 131
701 80 171
702 80 168
703 80 69
704 80 111
705 80 49
706 80 84
707 80 169
708 80 48
709 80 163
710 80 119
711 80 152
712 80 56
713 80 5
714 80 197
715 80 18
716 80 134
717 80 101
718 80 122
719 80 123
720 80 37
721 80 155
722 80 189
723 80 165
724 80 130
725 80 176
726 80 218
727 80 231
728 80 45
729 80 8
730 80 98
731 80 77
732 80 55
733 80 154
734 80 212
735 80 20
736 80 50
737 80 75
738 80 164
739 80 41
740 80 129
741 80 191
742 80 230
743 80 162
744 80 87
745 80 193
746 80 29
747 80 9
748 80 27
749 80 35
750 80 223
751 80 229
752 80 44
753 80 4
754 80 10
755 80 22
756 80 195
757 80 79
758 80 136
759 80 198
760 80 190
761 80 109
762 80 120
763 80 0
764 80 107
765 80 132
766 80 185
767 80 204
768 80 219
769 80 96
770 80 128
771 80 2
772 80 160
773 80 91
774 80 173
775 80 78
776 80 138
777 80 203
778 80 135
779 80 86
780 80 210
781 81 13
782 81 130
783 82 205
784 82 192
785 82 136
786 82 105
787 82 59
788 82 157
789 82 229
790 82 44
791 82 219
792 83 192
793 83 136
794 83 90
795 83 106
796 83 200
797 84 105
798 84 25
799 84 11
800 84 154
801 84 163
802 84 50
803 84 48
804 84 152
805 84 75
806 84 213
807 84 136
808 84 134
809 84 70
810 84 109
811 84 190
812 84 200
813 84 185
814 84 80
815 84 123
816 84 37
817 84 205
818 84 192
819 84 19
820 84 65
821 84 128
822 84 115
823 84 189
824 84 112
825 84 2
826 84 130
827 84 168
828 84 69
829 84 9
830 84 150
831 84 45
832 84 203
833 84 27
834 84 28
835 84 35
836 84 181
837 84 179
838 84 98
839 84 127
840 84 77
841 84 210
842 85 136
843 85 172
844 86 49
845 86 84
846 86 50
847 86 80
848 86 130
849 86 75
850 86 9
851 86 41
852 87 105
853 87 25
854 87 154
855 87 84
856 87 212
857 87 48
858 87 50
859 87 163
860 87 10
861 87 97
862 87 194
863 87 213
864 87 41
865 87 136
866 87 90
867 87 70
868 87 109
869 87 30
870 87 80
871 87 118
872 87 205
873 87 230
874 87 65
875 87 115
876 87 189
877 87 130
878 87 168
879 87 176
880 87 9
881 87 127
882 88 59
883 88 61
884 88 104
885 88 50
886 88 32
887 89 18
888 90 192
889 90 136
890 90 45
891 90 200
892 90 75
893 90 83
894 91 132
895 91 213
896 92 136
897 92 87
898 92 80
899 92 130
900 93 136
901 93 157
902 93 106
903 93 50
904 93 185
905 93 111
906 94 18
907 95 154
908 95 49
909 95 50
910 95 44
911 95 80
912 95 41
913 96 11
914 96 84
915 96 27
916 96 106
917 96 70
918 96 50
919 96 80
920 96 149
921 96 130
922 96 98
923 97 136
924 97 59
925 97 154
926 97 134
927 97 61
928 97 70
929 97 50
930 97 68
931 97 130
932 97 41
933 98 136
934 98 154
935 98 84
936 98 12
937 98 50
938 98 80
939 98 93
940 98 72
941 98 41
942 99 136
943 99 26
944 99 140
945 100 70
946 101 136
947 101 87
948 101 191
949 101 80
950 101 41
951 102 192
952 102 50
953 102 152
954 102 41
955 102 194
956 102 136
957 102 172
958 102 70
959 102 80
960 102 118
961 102 127
962 103 192
963 103 173
964 103 136
965 103 154
966 103 70
967 103 82
968 103 200
969 103 41
970 104 136
971 104 223
972 104 82
973 104 50
974 104 185
975 104 41
976 105 154
977 105 87
978 105 84
979 105 115
980 105 50
981 105 2
982 105 130
983 105 213
984 105 136
985 105 45
986 105 70
987 105 35
988 105 104
989 105 180
990 105 80
991 105 102
992 105 63
993 106 84
994 106 115
995 106 189
996 106 50
997 106 163
998 106 165
999 106 130
1000 106 176
1001 106 79
1002 106 41
1003 106 136
1004 106 70
1005 106 109
1006 106 35
1007 106 80
1008 107 80
1009 108 173
1010 109 105
1011 109 49
1012 109 87
1013 109 84
1014 109 106
1015 109 48
1016 109 50
1017 109 20
1018 109 130
1019 109 41
1020 109 136
1021 109 45
1022 109 70
1023 109 203
1024 109 200
1025 109 80
1026 109 118
1027 109 24
1028 110 13
1029 110 70
1030 110 80
1031 110 130
1032 111 192
1033 111 154
1034 111 84
1035 111 50
1036 111 44
1037 111 130
1038 111 168
1039 111 97
1040 111 125
1041 111 41
1042 111 136
1043 111 224
1044 111 82
1045 111 80
1046 112 84
1047 112 50
1048 112 175
1049 113 201
1050 113 130
1051 114 136
1052 114 50
1053 114 22
1054 115 87
1055 115 84
1056 115 50
1057 115 44
1058 115 130
1059 115 136
1060 115 45
1061 115 203
1062 115 200
1063 115 118
1064 115 127
1065 115 54
1066 116 200
1067 117 0
1068 117 80
1069 118 154
1070 118 84
1071 118 139
1072 118 50
1073 118 163
1074 118 177
1075 118 195
1076 118 194
1077 118 7
1078 118 136
1079 118 70
1080 118 109
1081 118 200
1082 118 196
1083 118 132
1084 118 80
1085 118 24
1086 118 192
1087 118 87
1088 118 66
1089 118 188
1090 118 115
1091 118 189
1092 118 148
1093 118 183
1094 118 130
1095 118 173
1096 118 127
1097 119 136
1098 119 154
1099 119 70
1100 119 50
1101 119 80
1102 119 211
1103 119 130
1104 119 95
1105 119 37
1106 119 41
1107 120 154
1108 120 84
1109 120 96
1110 120 229
1111 120 50
1112 120 36
1113 120 2
1114 120 130
1115 120 92
1116 120 9
1117 120 41
1118 120 136
1119 120 80
1120 121 70
1121 122 182
1122 122 145
1123 122 130
1124 122 41
1125 123 154
1126 123 87
1127 123 84
1128 123 50
1129 123 80
1130 123 41
1131 124 136
1132 124 64
1133 125 136
1134 125 59
1135 125 35
1136 125 119
1137 125 50
1138 126 70
1139 127 192
1140 127 154
1141 127 87
1142 127 84
1143 127 106
1144 127 189
1145 127 50
1146 127 130
1147 127 173
1148 127 136
1149 127 70
1150 127 109
1151 127 0
1152 127 200
1153 127 80
1154 127 118
1155 128 49
1156 128 154
1157 128 50
1158 128 20
1159 128 130
1160 128 168
1161 128 14
1162 128 41
1163 128 136
1164 128 31
1165 128 70
1166 128 82
1167 128 207
1168 129 80
1169 130 182
1170 130 55
1171 130 25
1172 130 154
1173 130 11
1174 130 81
1175 130 106
1176 130 212
1177 130 145
1178 130 50
1179 130 34
1180 130 14
1181 130 213
1182 130 41
1183 130 172
1184 130 70
1185 130 200
1186 130 180
1187 130 118
1188 130 76
1189 130 207
1190 130 133
1191 130 205
1192 130 19
1193 130 87
1194 130 193
1195 130 131
1196 130 171
1197 130 168
1198 130 69
1199 130 9
1200 130 59
1201 130 35
1202 130 179
1203 130 111
1204 130 105
1205 130 110
1206 130 49
1207 130 84
1208 130 169
1209 130 229
1210 130 163
1211 130 119
1212 130 48
1213 130 152
1214 130 44
1215 130 46
1216 130 10
1217 130 97
1218 130 22
1219 130 175
1220 130 79
1221 130 5
1222 130 136
1223 130 159
1224 130 217
1225 130 198
1226 130 13
1227 130 101
1228 130 190
1229 130 109
1230 130 120
1231 130 0
1232 130 132
1233 130 185
1234 130 122
1235 130 80
1236 130 37
1237 130 219
1238 130 201
1239 130 61
1240 130 96
1241 130 65
1242 130 128
1243 130 115
1244 130 189
1245 130 176
1246 130 45
1247 130 78
1248 130 203
1249 130 138
1250 130 82
1251 130 113
1252 130 86
1253 130 127
1254 130 77
1255 131 50
1256 131 80
1257 131 130
1258 131 219
1259 132 154
1260 132 84
1261 132 48
1262 132 50
1263 132 163
1264 132 20
1265 132 130
1266 132 91
1267 132 136
1268 132 70
1269 132 80
1270 132 118
1271 133 136
1272 133 46
1273 133 130
1274 134 192
1275 134 136
1276 134 154
1277 134 84
1278 134 193
1279 134 135
1280 134 50
1281 134 36
1282 134 80
1283 134 171
1284 135 192
1285 135 173
1286 135 136
1287 135 154
1288 135 70
1289 135 200
1290 135 80
1291 135 10
1292 135 97
1293 136 25
1294 136 11
1295 136 103
1296 136 137
1297 136 106
1298 136 151
1299 136 34
1300 136 64
1301 136 140
1302 136 125
1303 136 92
1304 136 213
1305 136 194
1306 136 157
1307 136 43
1308 136 70
1309 136 200
1310 136 118
1311 136 207
1312 136 133
1313 136 63
1314 136 205
1315 136 192
1316 136 171
1317 136 168
1318 136 69
1319 136 72
1320 136 16
1321 136 114
1322 136 54
1323 136 111
1324 136 49
1325 136 226
1326 136 84
1327 136 169
1328 136 119
1329 136 48
1330 136 163
1331 136 152
1332 136 93
1333 136 85
1334 136 175
1335 136 74
1336 136 159
1337 136 18
1338 136 134
1339 136 101
1340 136 147
1341 136 39
1342 136 146
1343 136 24
1344 136 37
1345 136 102
1346 136 65
1347 136 189
1348 136 130
1349 136 176
1350 136 218
1351 136 45
1352 136 82
1353 136 181
1354 136 8
1355 136 98
1356 136 199
1357 136 202
1358 136 154
1359 136 20
1360 136 50
1361 136 75
1362 136 164
1363 136 170
1364 136 41
1365 136 90
1366 136 31
1367 136 224
1368 136 172
1369 136 233
1370 136 191
1371 136 62
1372 136 87
1373 136 51
1374 136 193
1375 136 36
1376 136 206
1377 136 9
1378 136 59
1379 136 35
1380 136 40
1381 136 99
1382 136 105
1383 136 223
1384 136 229
1385 136 33
1386 136 153
1387 136 44
1388 136 4
1389 136 10
1390 136 21
1391 136 97
1392 136 195
1393 136 79
1394 136 198
1395 136 109
1396 136 120
1397 136 104
1398 136 0
1399 136 30
1400 136 132
1401 136 185
1402 136 80
1403 136 71
1404 136 204
1405 136 219
1406 136 128
1407 136 115
1408 136 161
1409 136 68
1410 136 2
1411 136 83
1412 136 173
1413 136 203
1414 136 53
1415 136 135
1416 136 225
1417 136 141
1418 136 26
1419 136 127
1420 136 124
1421 136 210
1422 137 192
1423 137 136
1424 137 200
1425 137 171
1426 138 115
1427 138 80
1428 138 130
1429 139 118
1430 140 136
1431 140 99
1432 141 136
1433 141 224
1434 141 134
1435 141 9
1436 142 70
1437 143 18
1438 144 18
1439 145 13
1440 145 70
1441 145 130
1442 146 136
1443 146 200
1444 146 176
1445 146 195
1446 147 136
1447 148 192
1448 148 200
1449 148 118
1450 149 50
1451 149 215
1452 149 210
1453 150 50
1454 151 136
1455 151 50
1456 152 192
1457 152 154
1458 152 84
1459 152 1
1460 152 212
1461 152 229
1462 152 50
1463 152 85
1464 152 130
1465 152 95
1466 152 41
1467 152 136
1468 152 198
1469 152 70
1470 152 82
1471 152 80
1472 152 102
1473 153 136
1474 154 25
1475 154 11
1476 154 103
1477 154 106
1478 154 34
1479 154 95
1480 154 178
1481 154 194
1482 154 213
1483 154 70
1484 154 200
1485 154 118
1486 154 205
1487 154 192
1488 154 19
1489 154 171
1490 154 69
1491 154 28
1492 154 111
1493 154 84
1494 154 169
1495 154 163
1496 154 48
1497 154 119
1498 154 152
1499 154 197
1500 154 134
1501 154 123
1502 154 211
1503 154 37
1504 154 65
1505 154 189
1506 154 165
1507 154 130
1508 154 176
1509 154 218
1510 154 8
1511 154 77
1512 154 98
1513 154 50
1514 154 75
1515 154 41
1516 154 87
1517 154 193
1518 154 9
1519 154 59
1520 154 27
1521 154 35
1522 154 105
1523 154 229
1524 154 44
1525 154 4
1526 154 97
1527 154 22
1528 154 195
1529 154 136
1530 154 198
1531 154 0
1532 154 120
1533 154 132
1534 154 80
1535 154 185
1536 154 128
1537 154 2
1538 154 173
1539 154 203
1540 154 135
1541 154 127
1542 154 210
1543 155 80
1544 156 200
1545 156 24
1546 157 136
1547 157 154
1548 157 53
1549 157 70
1550 157 50
1551 157 80
1552 157 41
1553 158 173
1554 159 136
1555 159 87
1556 159 70
1557 159 50
1558 159 130
1559 159 168
1560 159 72
1561 160 173
1562 160 192
1563 160 70
1564 160 200
1565 160 80
1566 161 136
1567 161 39
1568 162 192
1569 162 173
1570 162 70
1571 162 200
1572 162 80
1573 163 192
1574 163 154
1575 163 87
1576 163 84
1577 163 106
1578 163 131
1579 163 20
1580 163 50
1581 163 130
1582 163 195
1583 163 136
1584 163 45
1585 163 70
1586 163 132
1587 163 80
1588 163 118
1589 163 127
1590 164 136
1591 164 128
1592 164 53
1593 164 50
1594 164 215
1595 164 185
1596 164 80
1597 164 41
1598 165 154
1599 165 84
1600 165 106
1601 165 70
1602 165 35
1603 165 50
1604 165 80
1605 165 41
1606 166 200
1607 167 173
1608 168 192
1609 168 87
1610 168 103
1611 168 96
1612 168 106
1613 168 48
1614 168 50
1615 168 130
1616 168 195
1617 168 41
1618 168 136
1619 168 70
1620 168 80
1621 168 37
1622 169 136
1623 169 159
1624 169 49
1625 169 154
1626 169 70
1627 169 50
1628 169 80
1629 169 130
1630 169 207
1631 169 41
1632 170 136
1633 170 225
1634 171 19
1635 171 49
1636 171 154
1637 171 50
1638 171 44
1639 171 130
1640 171 41
1641 171 136
1642 171 70
1643 171 30
1644 171 80
1645 171 86
1646 171 219
1647 172 192
1648 172 55
1649 172 154
1650 172 96
1651 172 50
1652 172 130
1653 172 176
1654 172 41
1655 172 136
1656 172 12
1657 172 109
1658 172 120
1659 172 86
1660 172 80
1661 172 207
1662 172 208
1663 173 154
1664 173 103
1665 173 60
1666 173 48
1667 173 195
1668 173 194
1669 173 41
1670 173 136
1671 173 191
1672 173 158
1673 173 70
1674 173 108
1675 173 200
1676 173 80
1677 173 187
1678 173 24
1679 173 118
1680 173 23
1681 173 192
1682 173 162
1683 173 65
1684 173 188
1685 173 206
1686 173 183
1687 173 160
1688 173 216
1689 173 69
1690 173 135
1691 173 82
1692 173 167
1693 173 127
1694 174 200
1695 174 24
1696 175 136
1697 175 105
1698 175 50
1699 175 2
1700 175 130
1701 175 176
1702 176 192
1703 176 154
1704 176 87
1705 176 106
1706 176 50
1707 176 130
1708 176 175
1709 176 41
1710 176 136
1711 176 159
1712 176 138
1713 176 70
1714 176 200
1715 176 80
1716 177 173
1717 177 118
1718 178 154
1719 178 80
1720 179 217
1721 179 35
1722 179 122
1723 179 130
1724 180 169
1725 180 70
1726 180 80
1727 180 130
1728 180 171
1729 181 192
1730 181 136
1731 181 50
1732 181 93
1733 182 128
1734 182 70
1735 182 50
1736 182 171
1737 182 130
1738 183 192
1739 183 173
1740 183 70
1741 183 200
1742 183 80
1743 183 118
1744 184 18
1745 185 136
1746 185 154
1747 185 84
1748 185 114
1749 185 212
1750 185 50
1751 185 86
1752 185 80
1753 185 130
1754 185 41
1755 186 30
1756 186 50
1757 186 80
1758 187 173
1759 187 200
1760 188 173
1761 188 200
1762 188 118
1763 189 192
1764 189 154
1765 189 49
1766 189 87
1767 189 84
1768 189 106
1769 189 50
1770 189 20
1771 189 130
1772 189 10
1773 189 21
1774 189 41
1775 189 173
1776 189 136
1777 189 45
1778 189 134
1779 189 70
1780 189 200
1781 189 80
1782 189 118
1783 189 24
1784 190 172
1785 190 70
1786 190 120
1787 190 80
1788 190 171
1789 190 130
1790 191 173
1791 191 192
1792 191 136
1793 191 134
1794 191 70
1795 191 200
1796 191 50
1797 191 80
1798 192 154
1799 192 11
1800 192 103
1801 192 137
1802 192 50
1803 192 194
1804 192 90
1805 192 172
1806 192 70
1807 192 191
1808 192 200
1809 192 118
1810 192 63
1811 192 162
1812 192 66
1813 192 206
1814 192 183
1815 192 216
1816 192 168
1817 192 9
1818 192 59
1819 192 111
1820 192 223
1821 192 48
1822 192 152
1823 192 44
1824 192 195
1825 192 136
1826 192 18
1827 192 71
1828 192 80
1829 192 24
1830 192 189
1831 192 68
1832 192 148
1833 192 160
1834 192 176
1835 192 218
1836 192 83
1837 192 173
1838 192 203
1839 192 82
1840 192 135
1841 192 181
1842 192 127
1843 193 136
1844 193 154
1845 193 70
1846 193 53
1847 193 0
1848 193 50
1849 193 80
1850 193 130
1851 194 192
1852 194 25
1853 194 154
1854 194 115
1855 194 189
1856 194 50
1857 194 41
1858 194 173
1859 194 136
1860 194 70
1861 194 109
1862 194 200
1863 194 118
1864 195 154
1865 195 84
1866 195 50
1867 195 41
1868 195 136
1869 195 70
1870 195 109
1871 195 200
1872 195 80
1873 195 118
1874 195 146
1875 195 102
1876 195 192
1877 195 115
1878 195 69
1879 195 173
1880 196 118
1881 197 154
1882 197 50
1883 197 80
1884 197 41
1885 198 136
1886 198 154
1887 198 50
1888 198 152
1889 198 44
1890 198 80
1891 198 130
1892 199 136
1893 199 221
1894 199 50
1895 200 154
1896 200 103
1897 200 137
1898 200 50
1899 200 194
1900 200 41
1901 200 90
1902 200 191
1903 200 70
1904 200 187
1905 200 118
1906 200 166
1907 200 63
1908 200 192
1909 200 162
1910 200 66
1911 200 193
1912 200 232
1913 200 206
1914 200 183
1915 200 216
1916 200 69
1917 200 116
1918 200 174
1919 200 84
1920 200 60
1921 200 48
1922 200 15
1923 200 195
1924 200 136
1925 200 18
1926 200 80
1927 200 71
1928 200 146
1929 200 24
1930 200 23
1931 200 156
1932 200 222
1933 200 209
1934 200 65
1935 200 188
1936 200 148
1937 200 68
1938 200 130
1939 200 160
1940 200 83
1941 200 173
1942 200 203
1943 200 135
1944 200 17
1945 200 127
1946 201 113
1947 201 130
1948 202 136
1949 202 147
1950 202 79
1951 203 192
1952 203 154
1953 203 84
1954 203 189
1955 203 50
1956 203 130
1957 203 10
1958 203 168
1959 203 41
1960 203 173
1961 203 136
1962 203 70
1963 203 109
1964 203 200
1965 204 136
1966 204 57
1967 204 186
1968 204 50
1969 204 80
1970 204 88
1971 204 41
1972 205 154
1973 205 87
1974 205 84
1975 205 50
1976 205 130
1977 205 175
1978 205 69
1979 205 41
1980 205 173
1981 205 136
1982 205 70
1983 205 80
1984 206 192
1985 206 173
1986 206 136
1987 206 200
1988 206 24
1989 206 102
1990 207 136
1991 207 45
1992 207 70
1993 207 169
1994 207 131
1995 207 28
1996 207 50
1997 207 130
1998 208 50
1999 208 149
2000 208 10
2001 209 200
2002 210 87
2003 210 154
2004 210 84
2005 210 119
2006 210 50
2007 210 80
2008 210 111
2009 211 154
2010 211 134
2011 211 84
2012 211 106
2013 211 20
2014 211 50
2015 211 41
2016 212 44
2017 212 152
2018 212 80
2019 212 130
2020 212 111
2021 213 136
2022 213 91
2023 213 87
2024 213 154
2025 213 84
2026 213 70
2027 213 20
2028 213 50
2029 213 80
2030 213 130
2031 213 41
2032 214 50
2033 215 150
2034 215 20
2035 215 50
2036 216 192
2037 216 173
2038 216 200
2039 217 145
2040 217 50
2041 217 130
2042 217 41
2043 218 136
2044 218 192
2045 218 25
2046 218 59
2047 218 154
2048 218 70
2049 218 80
2050 219 136
2051 219 154
2052 219 70
2053 219 50
2054 219 34
2055 219 130
2056 219 41
2057 220 50
2058 221 31
2059 221 50
2060 221 32
2061 221 41
2062 222 200
2063 223 192
2064 223 84
2065 223 50
2066 223 4
2067 223 130
2068 223 74
2069 223 136
2070 223 45
2071 223 70
2072 223 80
2073 223 37
2074 224 136
2075 224 93
2076 225 136
2077 225 170
2078 226 136
2079 226 105
2080 226 50
2081 227 50
2082 227 36
2083 228 50
2084 228 130
2085 228 219
2086 229 136
2087 229 154
2088 229 70
2089 229 50
2090 229 130
2091 229 77
2092 229 176
2093 229 41
2094 230 80
2095 231 80
2096 232 200
2097 233 136
2098 233 35
2099 234 50
2100 234 164
