0 0.155462039419 -0.313429574945
1 0.544477868578 -0.0902184972352
2 0.820204460735 -0.0246542635277
3 0.652435367724 -0.190619387797
4 -0.363529773683 -0.302214878546
5 0.143766296715 -0.43616958771
6 0.468430556034 0.060132267349
7 -0.994588093774 -0.0877931694997
8 0.504810580306 -0.287933471365
9 -0.0410102167229 -0.47704953985
10 0.303066766705 0.0384846424443
11 0.716716799259 -0.153026663578
12 1.0 0.0499097898371
13 0.279985960794 -0.229334541367
14 0.391461235066 -0.476247747903
15 -0.93806372783 0.194227289202
16 0.0577270177855 0.147925436849
17 -0.57597714718 0.0915714377124
18 -0.432952480054 0.0859891646782
19 0.352976556542 -0.355381842185
20 0.461445192191 -0.016275802864
21 -0.152134691234 0.121467204579
22 0.430336761457 -0.194117066711
23 -0.787131688437 -0.332531583479
24 -0.710382848529 0.0053317017759
25 0.860493108001 -0.053317306394
26 0.0865103132081 0.107696933901
27 0.642252974397 -0.017177787235
28 0.843535801825 0.0380737344442
29 0.525556220839 -0.362597717153
30 0.431148547391 -0.0228502947856
31 0.173992803211 -0.055271617891
32 0.274834655892 -0.10605333798
33 0.247153729688 0.0488073484595
34 0.595049101594 -0.379484885024
35 0.562838265561 -0.295850873697
36 0.395109256735 0.0477951415983
37 0.311314908667 -0.0518841614665
38 0.435357783736 0.102224883357
39 0.182170770789 0.052285003321
40 0.133493704952 0.143114829484
41 0.428101824583 -0.157586699685
42 -0.477450399744 0.185207445491
43 -0.295249556796 -0.165965124269
44 -0.0182100722683 -0.379545029342
45 0.259621174141 -0.00999200246538
46 0.365604337737 -0.401082395677
47 -0.294046886915 0.134094985773
48 -0.29367609918 -0.12826217756
49 0.103557817821 -0.0679294532046
50 0.475526178446 -0.0434455925643
51 -0.0853878477774 0.169573061753
52 0.399879743836 -0.436560435578
53 0.156945298599 0.123271173321
54 -0.374624181447 -0.136500325535
55 0.361084385815 -0.466626605331
56 -0.355381824145 -0.419122083098
57 0.708358398727 -0.0450992185514
58 0.423331337482 0.0775706559084
59 0.0228502767459 -0.0763680221068
60 -0.962717991357 0.0252555623888
61 0.324744445729 -0.194097042658
62 0.113048713849 0.185808780432
63 -0.560432961879 0.00360793748411
64 0.0844758694196 -0.03122871937
65 0.59100020199 -0.6257667025
66 -0.836440179413 -0.239927842693
67 0.514732408387 -0.495490105204
68 -0.527470448151 0.0851773787443
69 0.311485275475 -0.016837053619
70 0.0430046124053 -0.484626208567
71 -0.639807586529 0.176788936722
72 -0.023451575607 0.163559820587
73 0.741561453647 -0.0435859052531
74 0.247143735701 -0.0992182808131
75 0.680487081663 -0.0107436440814
76 0.20018040409 -0.358608961868
77 0.516456208758 -0.307436357832
78 0.269392659467 -0.469633207875
79 0.713289258649 -0.116285845558
80 0.436750844478 -0.352856285946
81 0.259641234273 -0.431128505298
82 -0.0102224955515 0.126277811944
83 -0.557426323256 0.114852664551
84 0.529765493264 -0.0721587496823
85 0.287191841775 0.133744222091
86 0.352074572171 -0.316756887052
87 0.369402702161 -0.133473662859
88 0.589897796692 -0.0481058571744
89 -0.363800368995 0.173180999237
90 -0.53517739949 0.147324101908
91 0.532772095807 -0.680697550696
92 -0.171377012456 0.174984967979
93 0.145520151206 0.0177390019106
94 -0.325917025411 0.168370391872
95 0.946482272679 0.0084185087698
96 0.232982581076 -0.400681517743
97 0.537582703172 -0.469031872935
98 0.445580297328 -0.132291053111
99 -0.0775706378687 0.126879110805
100 0.08779315146 -0.481058355268
101 -0.0075265364253 0.00596309083562
102 0.820805795675 -0.100420950694
103 -0.769693335957 -0.351773904701
104 0.396201668047 -0.0426338066304
105 0.0650430851776 -0.14882742122
106 0.396873141292 -0.0192423573015
107 0.28081780686 -0.399879761875
108 -0.909200227957 -0.0450992185514
109 0.817799157052 -0.095610343329
110 0.164010830812 -0.476658655903
111 0.222369219617 -0.168420542203
112 0.761024255929 -0.0997394473827
113 0.280096219363 -0.330076165545
114 -0.00814793149818 -0.0925736866661
115 0.92122671029 -0.0380136262057
116 -0.779915813469 -0.346361998475
117 0.845449993057 -0.0945780763354
118 -0.789196222425 -0.3418220225
119 0.226408089155 -0.484305499004
120 0.389557037821 -0.189136128618
121 -0.0114251293531 -0.381138511011
122 0.408759274857 -0.30239527542
123 0.905512122102 -0.0174684426787
124 0.115524155836 -0.00934055327324
125 0.485397892275 0.00418921229218
126 -0.0615253461306 -0.62203851246
127 -0.672279023886 -0.264582106221
128 0.455201439899 -0.269392677507
129 0.573662078014 -0.55261577001
130 0.23692122211 -0.301262779923
131 0.556223689454 -0.341551427189
132 0.586891158069 -0.636199667085
133 -0.0324714193173 -0.208057740277
134 0.316897181701 -0.0589296696268
135 -0.915914996488 -0.218781324226
136 0.11965325989 0.0529163923807
137 -0.633193010422 0.126277811944
138 0.299118059526 -0.459130104986
139 -0.913409500381 -0.246542418801
140 -0.0685507941585 0.0733613834838
141 0.190619369757 0.0168370175396
142 0.119663253877 -0.479855685387
143 -0.466626587292 0.13108838323
144 -0.337342136725 0.108839423384
145 0.162357204825 -0.393866520709
146 -0.720384844981 -0.345760699614
147 0.0847865489163 0.0781719547695
148 -0.840899987017 -0.360453014795
149 0.41190619009 -0.0829825621346
150 0.371617578903 -0.00901984371028
151 0.633794345363 -0.350571270899
152 0.355572251086 -0.263098847042
153 -0.358308258318 -0.0183503669173
154 0.806905206295 -0.0982862423228
155 0.722790148664 -0.226698762638
156 -0.739627166203 0.107035454642
157 0.733613961116 -0.235117271408
158 -1.0 0.0
159 0.0803367352997 -0.257426339491
160 -0.926638616516 -0.205652436594
161 0.255562244471 0.0799759235116
162 -0.760112241492 -0.337723008645
163 0.549288439863 -0.540729636445
164 0.28923631563 0.030667468615
165 0.593064735978 -0.603738223715
166 -0.853878531893 0.143716164424
167 -0.804570040917 0.0823812271941
168 0.768210076778 -0.127891389825
169 0.598777327714 -0.264060939652
170 -0.135297637615 0.0348767049602
171 0.588113852003 -0.105542201477
172 0.492483484621 -0.1232712094
173 -0.940378833075 0.0783623817099
174 -0.742633804826 0.120264570777
175 0.217077565948 -0.0709561158807
176 0.640258578715 -0.271998402117
177 -0.92964521906 -0.10523152198
178 0.558628993137 -0.513529792625
179 0.0781719728092 -0.291641637352
180 0.337342172804 -0.467227904193
181 -0.235117253368 0.0222489237658
182 0.0980156289718 -0.395670489451
183 -0.838294262407 -0.14134095094
184 -0.276007199495 0.155141311817
185 0.69332531385 -0.213469646503
186 0.59711367166 -0.220084186531
187 -0.888153937993 0.0300661336745
188 -0.950090210163 -0.0378833435832
189 0.70338745462 -0.164692352163
190 0.194227307241 -0.464822636589
191 -0.904990991611 -0.170174396694
192 -0.556825024395 -0.0948286475937
193 -0.0697534640394 -0.500902011431
194 -0.74503907243 -0.385448011939
195 -0.932351172173 -0.209180205708
196 -0.869823595128 -0.295119292214
197 0.504349594133 -0.57803166914
198 0.553217086911 -0.407095636844
199 0.323511721729 0.112447360869
200 -0.929985952676 0.145480048981
201 0.321707752987 -0.312687927316
202 0.00541192426586 -0.0366807097816
203 -0.559230291998 -0.36019244955
204 0.36861094028 -0.0619362721704
205 0.533183003807 -0.608819426391
206 -0.757686913756 0.151643596823
207 0.113650048789 -0.222489490213
208 0.812387250826 -0.0691521471386
209 -0.641611555271 0.00300660254364
210 0.73662056366 -0.0108238124523
211 0.905592326552 -0.0607336383688
212 0.439557026095 -0.469763490498
213 0.505121259802 -0.557105631732
214 0.459130086946 -0.0660152619724
215 0.723992782465 -0.033674107238
216 -0.814882752946 0.102756043913
217 0.50965124179 -0.250440975649
218 -0.51982360505 -0.407716995837
219 0.023281208799 -0.260432978114
220 0.297654860479 -0.122068575599
221 0.672880358827 -0.0954099224017
222 -0.785327719695 0.0968129771306
223 0.688304291571 -0.16135500999
224 0.14972942363 -0.0312688035554
225 -0.0222489418055 0.0541190622617
226 0.823812398219 -0.0847865308766
227 0.618159961625 -0.113048731888
228 0.750811808484 -0.0749849914311
229 -0.0385147146032 -0.289486868848
230 0.0452595733329 -0.496853075748
231 0.672188825449 -0.329985967108
232 -0.865904978147 0.11365003075
233 -0.372920405129 -0.104529994615
234 0.538785336974 -0.182200842948
