0.137558 0.236089
0.481184 -0.205858
0.486631 -0.20452
0.315494 -0.178438
0.296106 -0.293716
0.196192 -0.307346
0.291782 -0.235508
0.434611 -0.142158
0.510002 -0.0200591
0.469794 0.116802
0.469929 0.0917017
0.442624 -0.0867408
0.813555 -0.0614703
0.647865 -0.0340499
0.587888 -0.143877
0.628478 -0.188755
0.624153 -0.0911205
0.524319 0.031359
0.563981 0.0301413
-0.121938 -0.124649
0.221688 -0.200251
-0.160263 -0.211009
0.111681 -0.135223
0.0366105 -0.276894
0.20234 -0.215053
0.032286 -0.229901
0.326709 -0.343305
0.190344 -0.368716
0.451894 0.123271
0.471978 0.111921
-0.967483 -0.0047154
-0.962117 -0.079074
-0.891892 0.0392213
0.312232 0.223341
0.655858 -0.19311
0.330878 0.328873
0.490168 0.0787984
0.0120164 -0.312938
0.382948 -0.287668
0.244378 -0.274604
0.177931 -0.248146
0.207096 -0.373221
0.217258 -0.260248
0.157281 -0.370074
0.0979555 -0.389156
0.193546 -0.317318
0.0393215 -0.212067
0.000997201 -0.473261
0.19787 -0.414953
0.0748046 -0.230106
0.184055 -0.0551714
0.21136 0.0601323
0.58178 0.0843856
0.313906 0.154775
0.173036 -0.223071
0.495686 0.138404
0.389296 0.0794498
0.369909 0.234155
0.403939 0.201694
0.269994 -0.131389
0.135298 -0.0847865
0.365584 0.13652
0.0799459 -0.0657296
0.623241 -0.0317248
0.47485 -0.276854
0.556795 0.0476498
0.596121 0.011345
0.21152 -0.11588
0.0946232 0.204279
0.476819 -0.227145
0.572409 -0.155307
0.418185 0.155888
0.493055 -0.31133
-0.0941371 -0.161601
0.379861 -0.318826
0.573933 0.0422379
0.737763 0.0032321
0.684305 -0.00601324
0.269814 -0.330232
0.179079 -0.260488
0.258454 -0.265299
0.235899 -0.148016
0.441972 -0.299759
0.390509 -0.0455803
0.414106 -0.414552
0.314191 -0.21377
-0.934025 0.218601
0.0886901 0.19543
-0.752982 0.172434
-0.551724 0.0947685
-0.494889 -0.00441974
-0.15665 0.102526
-0.35448 0.120565
-0.385147 0.0974143
-0.455201 0.234817
-0.3635 0.110042
-0.681469 0.175225
-0.0980156 0.279615
-0.379435 0.12718
-0.398376 0.129585
-0.44979 0.153638
0.534847 -0.254204
0.579941 -0.226834
0.414251 -0.199414
0.394864 -0.354119
0.557 -0.227561
0.294949 -0.274203
0.390539 -0.256484
0.290549 0.0875125
0.634175 0.0247294
0.639622 0.0233915
0.582416 0.0579325
0.505367 0.245951
0.468486 -0.00269091
0.449098 -0.184566
-0.0162407 0.155743
-0.0242884 0.216166
0.332832 0.230006
0.275626 0.264547
0.121487 0.158303
0.0351173 0.266411
0.618621 -0.146202
0.413605 0.068195
0.413269 0.0331078
0.452931 -0.118781
0.433544 -0.114747
0.333629 -0.24769
0.473396 -0.137457
0.359787 0.14306
0.429219 -0.139322
-0.863755 0.283809
-0.858559 0.384486
-0.633604 0.0554119
-0.825381 0.114878
-0.295365 0.029124
-0.225381 0.0129936
-0.820184 0.215554
-0.364296 0.19777
-0.749789 -0.168245
-0.734035 0.2248
-0.725005 0.157887
-0.726508 0.177731
-0.635408 0.00619358
0.490073 0.106033
0.614948 -0.0933955
0.695129 -0.062738
0.66801 -0.0385097
0.648622 -0.203087
0.585989 0.00140307
0.057727 -0.219383
0.644297 -0.105452
0.103082 0.135087
0.00056123 0.200511
0.00446983 0.13647
0.380953 0.0879635
0.724579 0.0233764
0.586009 -0.0446683
0.0415114 -0.188685
0.55889 -0.0303117
0.543917 -0.0747344
0.535177 -0.0873822
0.82522 -0.0301063
0.616546 -0.0755312
0.659531 -0.00268593
0.481154 -0.347986
0.275401 0.0907997
0.573933 0.0422379
0.514963 0.097755
0.453337 -0.0125526
0.599679 0.0296703
0.430743 -0.108484
0.429625 -0.0902185
0.146823 0.10701
0.324759 -0.0493586
-0.19322 0.0330477
0.37518 -0.0747495
0.183403 0.0549709
0.36134 0.0949338
0.357351 0.269117
0.700977 -0.238886
0.427335 0.174754
0.459897 -0.101403
0.535288 0.124574
0.5159 -0.339542
0.415985 -0.262152
0.313941 -0.0753157
0.546302 0.0396873
-0.103428 -0.323812
0.519182 0.0827571
0.39988 -0.298557
0.437162 0.12267
0.49547 -0.0884546
0.341246 0.2273
0.499795 -0.324354
0.437077 0.0700992
0.392604 -0.104705
0.257381 0.055477
0.462437 0.107772
0.435318 0.0934155
0.650311 0.0804269
0.340359 -0.0110894
0.55911 -0.0286831
0.393421 -0.0476649
0.274118 -0.176573
0.408218 0.200727
0.215484 0.105317
0.522464 0.0397324
0.407832 0.21119
-0.0608188 0.154926
0.290354 -0.260759
0.151894 0.0348867
0.17716 -0.268255
0.0380988 0.0593155
0.482562 0.189417
0.451894 0.123271
0.455442 0.17506
0.150912 0.0532321
0.218866 0.0661305
0.126573 0.0980156
0.123271 0.207156
0.644297 -0.105452
0.617504 -0.127936
0.572409 -0.155307
-0.170796 -0.25468
0.412488 0.0499298
0.451814 -0.100516
0.687292 -0.0745841
0.358669 0.124795
0.466612 0.0421728
-0.158469 -0.271517
0.301047 -0.00411408
0.580858 -0.118821
0.460293 -0.140429
0.235553 -0.321106
-0.250942 0.297013
0.480642 0.0680297
0.390539 -0.256484
0.398752 -0.121417
0.179174 -0.329244
0.492163 -0.0656043
0.508108 -0.131564
0.598156 -0.142739
0.193546 -0.317318
0.369794 0.0535378
0.635819 -0.0597565
0.49547 -0.0884546
0.325236 -0.163004
0.26583 -0.0231008
0.625957 -0.121187
0.443616 -0.111801
0.51344 -0.10435
0.558203 -0.155703
0.0672128 -0.1136
0.327255 -0.320946
0.204946 -0.268566
0.391837 -0.210343
0.032286 -0.229901
0.365584 0.13652
0.482842 -0.00186411
0.429219 -0.139322
-0.252125 -0.183383
0.273878 0.158168
0.466226 0.0526358
0.210288 0.087738
0.62295 -0.126599
0.408829 -0.173361
0.412152 0.0148426
0.291782 -0.235508
0.429625 -0.0902185
0.507496 0.0817198
0.560714 -0.129645
0.432426 -0.0599519
0.398356 -0.0141111
0.666807 -0.0875276
0.666847 -0.10916
0.624454 -0.129004
0.225692 -0.20901
0.441652 -0.101684
0.565745 -0.154034
0.510583 0.0654891
0.624153 -0.0911205
0.332512 -0.229425
0.53418 -0.100381
-0.256139 0.196337
0.343862 0.0638053
-0.0655642 -0.25889
0.390088 -0.237172
0.436841 -0.144939
0.472279 -0.0826619
-0.455201 0.234817
-0.0877981 -0.0565244
0.210734 -0.159496
0.255828 -0.132126
0.0707507 -0.0725195
-0.287518 0.0475295
0.394348 -0.238916
0.269007 -0.360548
0.228658 -0.211495
0.109356 -0.340404
-0.0851724 0.371973
0.464136 -0.185563
0.204946 -0.268566
0.0507216 -0.163314
0.0123973 -0.327004
0.20927 -0.366201
-0.329009 0.454956
0.249123 -0.343491
0.560057 0.0116706
0.394693 0.0210914
0.481504 0.0673582
0.367574 0.00673479
0.248271 -0.155627
0.343862 0.0638053
-0.148903 0.177275
0.189637 0.0843706
-0.0178142 -0.0879786
0.53871 0.0328172
0.298482 0.218626
0.423256 0.303112
0.348186 0.16144
0.582567 -0.00625378
0.301263 -0.251353
0.166566 -0.111545
-0.3635 0.110042
-0.425251 -0.0781119
0.119753 0.112016
0.21152 -0.11588
0.256615 -0.113274
0.118045 -0.10021
0.148662 0.12049
0.090925 -0.0858539
-0.0283774 -0.0417619
0.0672128 -0.1136
-0.0870114 -0.0376729
-0.617027 0.181675
-0.0683654 -0.0024955
-0.125336 0.0499198
0.262062 -0.111936
-0.611831 0.282351
0.134581 -0.0444678
0.146608 0.125707
0.0715374 -0.0159651
0.100787 -0.2318
0.111606 -0.00750653
0.418586 0.0156645
0.201338 0.127671
0.0732812 -0.276278
0.460678 -0.054089
0.403473 -0.019548
0.289542 -0.0556875
0.270154 0.074534
0.17024 0.0487372
0.371908 0.034105
0.66801 -0.0385097
0.596121 0.011345
0.510002 -0.0200591
0.4362 -0.00714074
0.55466 0.110117
0.535288 0.124574
0.546843 -0.00864402
0.711004 -0.0175135
0.480462 -0.0196282
0.490324 0.213384
-0.134756 -0.214447
0.60457 0.0523903
0.259265 -0.264036
-0.22723 0.239943
0.443716 -0.0632141
-0.156835 -0.192634
0.294588 -0.132968
-0.0406494 -0.0691371
0.504355 0.239241
0.414251 -0.199414
0.515875 0.105607
0.53182 -0.0123973
0.621868 -0.00122269
0.37518 -0.0747495
0.393506 -0.00353278
0.423572 0.00819303
0.233689 -0.0680096
0.659531 -0.00268593
0.608544 -0.0433754
0.348948 -0.105933
0.449429 0.138079
0.289542 -0.0556875
0.649669 -0.0227751
0.502646 -0.029089
0.537152 0.0668621
0.350967 -0.263876
0.090925 -0.0858539
0.512407 0.205196
0.415549 -0.153272
0.310523 0.0483313
0.346302 -0.0572009
0.361335 -0.0713319
0.591942 -0.0426188
0.277931 -0.150436
0.492589 0.0600521
0.489938 0.223847
0.396212 -0.0511876
0.563981 0.0301413
0.690519 -0.030457
0.690559 -0.0348016
0.393421 -0.0476649
0.648166 -0.0149579
0.533263 0.247715
0.507156 0.025932
0.589457 0.0171778
0.534295 0.236701
0.618275 -0.0152987
0.356224 -0.172354
0.557892 0.0708308
0.367574 0.00673479
0.490168 0.0787984
0.460553 -0.0878683
0.495991 0.0885498
0.643957 -0.0305923
0.399519 0.190394
0.286771 -0.219558
0.641216 -0.0160253
0.53632 0.0448737
0.468486 -0.00269091
0.578007 -0.0270946
0.382381 0.067724
0.451814 -0.100516
0.324759 -0.0493586
0.484005 -0.00353278
0.422464 -0.0884596
0.471978 0.111921
0.202886 -0.272174
0.435318 0.0934155
0.599759 -0.0385598
0.532712 -0.0411155
0.217258 -0.260248
0.249188 -0.0599068
0.55889 -0.0303117
0.519182 0.0827571
0.270285 -0.0961365
0.467328 -0.0547304
0.574203 -0.0174634
0.581915 0.0155091
0.218506 -0.166466
0.36134 0.0949338
0.228658 -0.211495
0.389296 0.0794498
0.506554 0.169348
0.452931 -0.118781
-0.228413 -0.126313
0.594408 -0.00702546
0.29759 0.101097
0.514372 0.138379
0.737763 0.0032321
0.455442 0.17506
0.613169 -0.0276759
0.646663 -0.0173632
0.432542 -0.116291
0.435864 -0.0422279
0.315494 -0.178438
0.453337 -0.0125526
0.531209 0.252931
0.584426 0.0415664
0.456139 -0.198151
0.422069 -0.0526909
0.249404 -0.151939
0.400135 -0.118771
0.354254 -0.222064
0.465364 -0.156419
0.386591 -0.0827571
0.698376 -0.0407296
-0.0259721 0.149489
0.647865 -0.0340499
-0.0418521 -0.201819
0.316236 0.20663
0.4138 -0.180101
-0.0983764 -0.154014
0.606073 -0.0271347
0.0171327 0.227901
0.00056123 0.200511
-0.0544197 0.17258
0.418315 -0.394708
0.138299 0.0880938
0.490379 0.2273
0.324714 0.246542
0.430166 0.267253
0.316236 0.20663
-0.0683654 -0.0024955
0.256259 0.316456
-0.316125 -0.109275
0.23413 0.210849
-0.127485 -0.041792
0.213064 0.0100722
0.398918 -0.409741
0.299003 -0.218581
0.3362 0.155487
0.336285 0.208058
-0.456103 0.0673181
-0.156189 -0.38637
0.0406845 -0.385989
0.591942 -0.0426188
0.538485 -0.0535177
0.449429 0.138079
0.0712518 -0.0117258
0.414878 -0.0654089
0.187913 0.0631389
0.0329274 0.127761
0.180096 0.119062
0.249188 -0.0599068
-0.348767 -0.211064
0.129886 0.0360794
-0.0646422 0.220385
0.254124 -0.0360894
0.306374 -0.0622369
-0.951548 0.051809
-0.946352 0.0853678
0.427255 -0.133128
0.183875 -0.339362
0.243551 -0.293982
0.377946 -0.108474
0.400135 -0.118771
0.280833 -0.24768
0.431164 -0.0566296
0.376423 -0.175842
0.116351 0.252255
0.123271 0.207156
-0.558629 0.0528262
-0.22039 0.0282622
-0.745209 0.216416
-0.635408 0.00619358
0.102065 0.0108438
0.1 -0.0202846
0.355327 0.392258
0.480201 0.112673
0.698953 -0.362026
0.560383 0.204645
0.317002 -0.414056
0.616627 -0.321472
-0.169493 0.531103
0.533263 0.247715
0.148662 0.12049
-0.0833433 0.540349
0.413961 -0.139011
-0.696633 -0.167378
-0.883213 0.338184
-0.812818 -0.188981
0.475742 -0.281539
-0.542148 -0.00482564
-0.203909 0.101308
0.0317649 0.440649
-0.0652987 0.137387
-0.728728 0.175631
-0.0259721 0.149489
-0.551724 0.0947685
0.340444 0.0414813
0.559195 0.0238875
0.420625 0.0108238
0.268947 -0.250571
0.393506 -0.00353278
0.274203 -0.15905
0.539848 0.0386901
0.398442 -0.00632392
0.0700541 0.270896
0.408303 0.253297
0.369794 0.0535378
0.215569 0.0877931
-0.123873 -0.188515
0.374118 0.151173
0.379861 -0.318826
-0.363344 -0.285348
0.219939 -0.251934
0.102681 -0.439246
0.0157897 -0.329395
0.274063 -0.448386
-0.351017 -0.335859
-0.126122 -0.00663458
0.388309 -0.359872
-0.443491 0.460533
-0.373096 -0.27042
0.0052666 -0.0697735
-0.25691 0.10007
0.288094 -0.42253
0.197991 -0.420004
-0.397645 0.0303017
0.315559 -0.295084
0.405607 -0.306259
0.177245 -0.250732
0.103508 -0.480642
0.286385 -0.278392
-0.125336 0.0499198
0.296147 -0.456574
0.134706 -0.484466
0.199288 -0.373863
0.0813339 -0.482241
-0.156189 -0.38637
0.0616707 -0.371026
0.474298 -0.27268
0.431905 -0.292524
0.17716 -0.268255
0.317002 -0.414056
0.0653989 -0.482842
0.373196 -0.324659
0.318035 -0.42507
0.139963 -0.392944
0.341632 -0.378312
-0.238409 -0.369262
0.27973 -0.396031
0.424955 -0.291456
-0.00926036 -0.553332
0.259265 -0.264036
0.235553 -0.321106
0.267744 -0.303949
-0.430993 -0.0129485
-0.358554 -0.264271
0.206204 -0.30905
-0.0133744 -0.492764
0.000997201 -0.473261
0.0329274 0.127761
0.0540238 -0.316727
0.365654 -0.322991
0.00224495 -0.191917
0.0123973 -0.327004
-0.160263 -0.211009
0.290294 -0.476829
0.236671 -0.339372
-0.444673 -0.0714572
0.0813289 -0.215855
0.298111 -0.445861
0.118616 -0.474724
0.314948 -0.408839
0.239878 -0.418741
0.0331429 -0.148336
0.137994 -0.442654
0.249103 -0.377009
-0.441817 -0.0661656
-0.448687 0.359857
0.156199 -0.47713
-0.258113 -0.297976
-0.436455 -0.0858589
0.19754 -0.400692
-0.314637 -0.15456
-0.260077 0.238725
-0.161455 0.294648
-0.784897 0.161134
0.0481008 0.218882
-0.0544197 0.17258
0.20665 0.421768
0.0610343 0.23647
0.143932 0.271282
0.608544 -0.0433754
0.183398 0.128984
0.369814 -0.0871918
0.361335 -0.0713319
0.470235 -0.0420926
0.40007 0.0847464
0.743696 0.0330277
0.392022 -0.0393365
0.567844 -0.140068
0.535022 -0.0999399
0.222685 0.0387452
0.578007 -0.0270946
0.516281 -0.16375
0.558619 -0.1818
0.598472 -0.15909
0.554294 -0.0841652
0.218551 -0.329936
0.315259 -0.276363
0.3818 0.00489075
0.661681 -0.202861
0.523111 -0.189798
0.495991 0.0885498
0.476604 -0.330146
0.376689 -0.298176
0.500927 0.160002
0.237723 -0.392243
0.369413 -0.0989126
0.399579 -0.270896
0.156199 -0.47713
0.353072 -0.411245
0.253157 -0.217078
0.416471 0.137518
0.594408 -0.00702546
0.34754 -0.247915
0.648622 -0.203087
0.576734 -0.252941
0.475742 -0.281539
0.416812 0.147565
0.490614 -0.221537
0.5159 -0.339542
0.691617 -0.172219
0.461074 -0.174334
0.414106 -0.414552
0.49769 -0.27252
0.0707507 -0.0725195
0.585182 -0.293987
0.239878 -0.418741
0.418315 -0.394708
0.387047 -0.410042
-0.176223 -0.336305
-0.0600371 0.0341852
0.484967 -0.224875
0.394864 -0.354119
0.496487 -0.347204
0.512432 -0.229199
0.60248 -0.240374
0.374118 0.151173
0.32956 -0.0762027
0.270154 0.074534
0.483258 -0.212508
0.517764 -0.308459
0.0715374 -0.0159651
0.49302 -0.25892
0.331579 -0.418581
0.396162 -0.21822
0.0406845 -0.385989
0.290259 -0.394513
0.47055 -0.240269
0.00189918 0.305412
0.376824 0.0880336
0.214612 0.185373
0.422755 -0.277165
0.671131 -0.185162
0.374033 0.0986019
0.579771 -0.289778
0.570069 -0.258774
0.514908 -0.227415
0.336836 -0.275466
0.538505 -0.312427
-0.0415364 -0.380287
0.55447 -0.341421
0.348186 0.16144
0.470781 -0.320395
0.441166 -0.242574
0.476604 -0.330146
0.398918 -0.409741
0.621828 -0.225571
0.438154 -0.294403
0.449098 -0.184566
0.456139 -0.198151
0.558619 -0.1818
0.362994 0.222429
0.432426 -0.0599519
0.505206 -0.252977
-0.23412 -0.0788334
0.241005 -0.424855
-0.161681 -0.330156
0.403077 -0.0237824
0.183499 -0.426879
0.481154 -0.347986
0.19787 -0.414953
0.539502 -0.185017
0.499795 -0.324354
0.562528 -0.257106
0.199118 -0.257802
0.20927 -0.366201
0.0366105 -0.276894
0.369909 0.234155
0.433544 -0.114747
-0.2478 -0.137342
0.57502 -0.234571
0.278202 0.255803
0.494984 -0.325737
0.315489 -0.408839
0.627275 -0.224233
0.413154 -0.107276
0.296106 -0.293716
0.358784 -0.376368
0.511821 -0.211185
0.565038 -0.283163
0.402681 0.0835237
0.230016 -0.214221
0.334867 -0.376769
0.445976 -0.311124
0.628478 -0.188755
-0.244944 -0.132051
0.484761 -0.188936
-0.251814 0.293972
0.353072 -0.411245
0.367934 -0.405993
-0.0612397 -0.356524
-0.239582 -0.151744
0.394413 -0.298707
0.586686 -0.18184
0.269814 -0.330232
0.248281 -0.23633
0.26148 0.493826
-0.283524 0.0157246
0.0547154 0.162959
0.0274103 0.26383
0.00631389 0.227601
0.361696 0.306975
-0.0243686 -0.0816045
-0.0142163 -0.126634
0.00652936 0.319633
-0.557126 0.219693
-0.218887 0.145821
-0.546302 0.131088
-0.0802766 0.1819
-0.743706 0.160794
0.297404 -0.110493
0.695129 -0.062738
0.623241 -0.0317248
0.668335 -0.059095
0.539527 0.162127
0.502646 -0.029089
0.118045 -0.10021
0.442669 -0.167629
0.605126 -0.0414512
0.517443 -0.314632
0.324709 0.115454
0.423331 -0.0523151
0.286385 -0.278392
0.673782 -0.0604329
0.361996 -0.268491
-0.20011 0.254299
0.611545 -0.0015033
0.483258 -0.212508
0.717639 -0.0448136
0.42054 -0.0417469
0.531474 0.196172
-0.0135298 -0.0834937
0.441371 -0.21377
0.560383 0.204645
0.492483 -0.170776
0.725496 -0.0550862
0.616576 -0.0258919
0.645395 -0.0583684
0.674985 -0.0484065
0.383343 -0.186711
0.648988 -0.0442924
0.420625 0.0108238
0.244378 -0.274604
0.450692 0.0225496
0.394693 0.0210914
-0.0147324 -0.216176
0.586009 -0.0446683
0.686651 -0.0170425
0.546302 0.0396873
0.147324 0.0694528
0.303969 -0.1819
0.487673 -0.102225
-0.0712568 -0.16837
0.523111 -0.189798
0.633193 -0.0414913
0.203423 0.0933303
0.389838 0.262252
0.227816 0.0564843
0.44092 -0.194458
0.4138 -0.180101
0.394413 -0.298707
0.294498 -0.293516
0.516281 -0.16375
0.155532 -0.396903
0.390088 -0.237172
0.217223 -0.141151
0.614948 -0.0933955
0.588154 -0.11588
0.449584 -0.102816
0.40448 0.0346712
0.0378633 -0.125656
0.422464 -0.0884596
0.459346 0.0701543
0.336235 0.124464
0.453493 0.0343054
-0.187818 -0.259461
0.437262 0.0783423
0.398752 -0.121417
0.244528 0.146111
-0.0828874 0.287723
0.206204 -0.30905
0.593601 -0.114542
0.400276 -0.078162
0.403077 -0.0237824
-0.209897 -0.237648
0.451293 0.104199
0.207331 -0.315163
0.480201 0.112673
0.645315 -0.0857436
0.536395 -0.117864
0.303162 -0.217368
0.568806 -0.130683
0.504831 -0.0642113
0.164196 -0.305262
-0.151438 -0.199028
0.306374 -0.0622369
0.457321 -0.121101
0.49305 -0.0398978
0.532712 -0.0411155
0.432366 -0.0770796
-0.398376 0.129585
-0.546001 0.0262477
-0.207762 0.194528
-0.137778 0.225982
-0.732582 0.146402
0.0726548 0.226358
-0.546302 0.131088
0.559832 -0.658449
0.518947 -0.49531
-0.0258619 0.236019
0.0990128 0.329214
0.132687 0.438906
0.0327721 0.413109
0.132587 0.0705051
0.439567 0.144167
0.271197 0.0362297
0.310523 0.0483313
0.419423 0.133343
0.183945 0.110819
-0.379435 0.12718
0.876694 -0.0449339
0.52502 -0.0297555
0.711004 -0.0175135
0.464136 -0.185563
0.691617 -0.172219
0.687292 -0.0745841
0.47485 -0.276854
0.381374 -0.23642
0.437618 -0.20893
0.314928 -0.209962
0.137994 -0.442654
0.354254 -0.222064
0.334867 -0.376769
0.322444 -0.241832
0.234952 -0.350972
0.339281 -0.266486
0.328618 0.313891
0.280216 0.119964
0.672244 -0.283659
0.42724 0.146121
0.431164 -0.0566296
0.290294 -0.476829
0.506554 0.169348
0.00505614 0.362282
0.387252 -0.217378
0.482842 -0.00186411
0.282617 0.14552
0.626243 -0.115289
0.487673 -0.102225
0.72279 -0.0411906
0.460553 -0.0878683
0.441166 -0.242574
0.29555 0.092754
0.211064 0.311485
0.436841 -0.144939
0.0210413 0.16386
0.00446983 0.13647
-0.0730607 0.153638
0.0653989 -0.482842
0.0560634 0.0294397
0.180938 0.0756815
-0.456259 -0.0821057
0.214612 0.185373
0.210288 0.087738
0.13199 -0.0920325
0.648166 -0.0149579
0.588189 -0.18176
0.624454 -0.129004
0.0378833 -0.242934
0.47023 0.129585
0.656645 -0.111846
0.431905 -0.292524
0.628778 -0.226639
0.0158048 -0.221121
0.0742634 -0.182502
-0.663259 -0.223301
-0.855036 0.293431
-0.32502 -0.149429
0.0186059 -0.22503
-0.363344 -0.285348
-0.389958 -0.112748
-0.84984 0.394107
-0.170796 -0.25468
0.257927 0.100691
0.542253 0.0167268
0.19299 0.210734
0.435864 -0.0422279
0.544764 0.0427841
0.412152 0.0148426
0.435974 -0.123557
0.217223 -0.141151
0.297404 -0.110493
0.493135 -0.0934205
0.270285 -0.0961365
0.442624 -0.0867408
0.150982 -0.0726097
0.285082 0.0553117
0.0923482 -0.0479555
0.162332 -0.0794097
0.0540238 -0.316727
0.313941 -0.0753157
0.230622 -0.0957306
0.201193 0.0103728
0.250897 -0.046813
0.442924 -0.124624
-0.247695 0.0798256
0.463319 0.00721584
0.65905 -0.00985672
0.55013 0.0534826
0.4362 -0.00714074
0.473081 0.241501
0.494969 0.273006
0.316897 -0.160253
0.518566 0.107136
0.555081 0.0292794
0.412488 0.0499298
0.258263 0.0889958
0.219939 -0.251934
0.607336 0.0189416
0.479856 0.119062
0.416812 0.147565
0.358784 -0.376368
-0.92479 0.140093
0.441421 -0.122219
0.460678 -0.054089
0.593601 -0.114542
0.673782 -0.0604329
0.607336 0.0189416
0.262062 -0.111936
0.646663 -0.0173632
0.639622 0.0233915
0.52736 -0.198437
0.62295 -0.126599
0.468726 0.12718
0.53871 0.0328172
0.430402 -0.290118
0.129284 -0.227901
-0.0560934 0.266025
0.627275 -0.224233
0.0143015 -0.218716
0.0537082 0.0558027
0.221998 -0.352997
0.103508 -0.480642
0.300381 -0.414757
0.200466 -0.388961
-0.167228 -0.0580327
0.514637 -0.133353
0.376067 -0.12029
0.348948 -0.105933
0.10208 -0.273983
0.229645 -0.101999
0.49529 -0.148156
0.379976 -0.0181149
0.353884 -0.0821157
0.325236 -0.163004
0.171011 0.163585
0.186049 0.0373071
0.106073 0.273627
0.32956 -0.0762027
0.645395 -0.0583684
0.618275 -0.0152987
0.489051 -0.0565645
0.300902 -0.321382
0.258509 -0.286856
0.0557527 -0.0198286
0.233689 -0.0680096
0.211094 -0.041802
0.645315 -0.0857436
0.725496 -0.0550862
0.698376 -0.0407296
0.451508 -0.208779
0.579074 -0.169638
0.52044 0.0983814
0.590424 0.00401881
0.180998 -0.199103
-0.00437957 0.237227
0.0660153 -0.189918
0.124474 -0.151298
0.273301 -0.087257
-0.854951 0.391401
0.500456 -0.204004
0.6411 -0.223717
0.00885451 -0.220054
-0.129715 -0.20699
-0.851303 -0.198903
-0.156835 -0.192634
-0.119954 -0.242368
-0.859421 0.0130637
-0.860774 -0.142859
-0.767118 -0.320009
-0.891892 0.0392213
-0.334771 -0.144453
-0.373096 -0.27042
0.0143015 -0.218716
-0.859591 0.389131
-0.82951 -0.271768
-0.101152 -0.194633
-0.176223 -0.336305
-0.749789 -0.168245
-0.673011 -0.218325
-0.209897 -0.237648
-0.812818 -0.188981
-0.869643 0.114086
0.0660153 -0.189918
-0.0429044 -0.253257
-0.815048 -0.351138
-0.813745 -0.0411004
-0.276137 -0.321542
-0.864788 0.288455
-0.730738 -0.303202
0.173031 0.321527
0.516657 -0.291296
0.134706 -0.484466
0.350967 -0.263876
0.331579 -0.418581
0.566 -0.27252
0.231665 -0.392784
0.586445 -0.237944
0.268862 -0.268095
0.327255 -0.320946
0.598231 -0.143711
0.459661 -0.130647
0.31127 -0.294909
0.175521 -0.239311
0.432542 -0.116291
0.392333 -0.0706705
0.604881 -0.106895
0.313239 -0.245199
0.10909 0.357046
0.174273 -0.333093
0.408829 -0.173361
0.254605 0.173943
0.413154 -0.107276
0.0157897 -0.329395
0.253387 -0.349033
0.285558 -0.348131
0.32284 -0.300696
0.418431 -0.229991
0.856209 -0.0578773
0.637457 -0.0754711
0.717639 -0.0448136
0.690519 -0.030457
0.671131 -0.185162
0.666807 -0.0875276
0.117589 0.0217879
0.1 -0.0202846
0.302526 0.07728
0.254124 -0.0360894
0.524118 0.154209
0.355903 -0.240058
0.480462 -0.0196282
-0.00926036 -0.553332
-0.614552 -0.179705
0.0673131 -0.181434
-0.151438 -0.199028
-0.0712568 -0.16837
-0.137703 -0.141912
0.0155542 -0.214637
-0.0983764 -0.154014
-0.217679 -0.246242
-0.806329 0.249835
-0.276313 -0.105833
-0.314637 -0.15456
0.0727601 -0.180096
-0.258408 -0.240158
-0.801132 0.350511
-0.117764 -0.220445
-0.730738 -0.303202
0.27938 0.0328022
0.631053 -0.183839
0.465364 -0.156419
0.458323 -0.142834
0.346061 -0.285328
0.611706 -0.198642
0.423331 -0.37282
0.441652 -0.101684
0.287427 0.214071
0.314597 0.0517889
0.249103 -0.377009
0.222489 0.324113
0.284426 -0.199038
0.505206 -0.252977
0.167468 -0.348467
0.299003 -0.218581
0.548707 -0.17729
0.521913 -0.199775
0.476819 -0.227145
0.248281 -0.23633
0.316897 -0.160253
0.338239 -0.217012
0.199639 -0.347565
0.356224 -0.172354
0.415985 -0.262152
0.314191 -0.21377
0.371021 -0.173341
0.332512 -0.229425
0.364702 -0.212267
0.139963 -0.392944
-0.346532 0.368851
0.287132 -0.21828
-0.276137 -0.321542
0.218551 -0.329936
0.175286 -0.183103
0.102225 -0.161455
0.385052 -0.147484
0.294949 -0.274203
0.303162 -0.217368
0.0835839 -0.401082
0.396572 -0.281118
0.412518 -0.203402
0.502566 -0.214577
0.274203 -0.15905
0.0979555 -0.389156
0.129886 0.0360794
0.39988 -0.298557
0.157547 -0.286831
0.229645 -0.101999
0.150982 -0.0726097
0.200466 -0.388961
0.17024 0.0487372
0.383343 -0.186711
0.417849 -0.282662
0.0992032 -0.283599
0.393105 -0.181529
0.231665 -0.392784
-0.0283774 -0.0417619
0.296247 -0.282181
0.109356 -0.340404
0.301263 -0.251353
0.269994 -0.131389
0.387252 -0.217378
0.333629 -0.24769
0.226999 0.0441972
0.475105 -0.208774
0.190344 -0.368716
0.178287 0.230006
0.158629 -0.235508
0.373286 -0.275852
0.395069 -0.248346
0.258454 -0.265299
0.114697 0.159576
0.215574 -0.383043
0.52736 -0.198437
0.313239 -0.245199
0.196192 -0.307346
0.411906 -0.133794
0.465123 -0.257366
0.32284 -0.300696
0.336836 -0.275466
0.274118 -0.176573
0.130101 -0.240018
0.279314 -0.29555
0.280833 -0.24768
0.234952 -0.350972
0.413961 -0.139011
0.346061 -0.285328
0.579074 -0.169638
0.470154 -0.232978
0.43859 -0.286631
0.248271 -0.155627
0.253157 -0.217078
-0.161155 -0.330728
0.26802 -0.222329
0.113349 0.340048
0.258509 -0.286856
0.294498 -0.293516
-0.217679 -0.246242
0.376689 -0.298176
0.515875 0.105607
0.496487 -0.347204
0.396572 -0.281118
0.289752 -0.219874
0.696898 -0.367243
0.558328 0.209862
0.146608 0.125707
0.531209 0.252931
0.56809 -0.492995
0.524168 0.293686
0.411906 -0.133794
0.559832 -0.658449
0.353272 0.397474
0.314948 -0.408839
0.511821 -0.211185
-0.101152 -0.194633
0.0435909 -0.0775707
0.166566 -0.111545
0.102225 -0.161455
-0.119964 -0.0768792
0.218275 0.108839
0.561901 -0.0392514
0.423331 -0.0523151
0.123572 -0.279916
-0.299509 -0.138855
0.396212 -0.0511876
0.356003 -0.00556726
0.376824 0.0880336
0.452506 -0.0356234
-0.73637 -0.156805
-0.928147 0.226934
-0.398131 -0.0829325
-0.0545049 -0.158534
-0.436455 -0.0858589
-0.922951 0.327611
-0.239582 -0.151744
-0.306424 -0.0901483
-0.189166 -0.093656
0.490073 0.106033
0.418185 0.155888
-0.32502 -0.149429
-0.25677 0.162959
0.258263 0.0889958
0.376724 0.25466
0.357351 0.269117
0.102065 0.0108438
0.0255512 0.0835839
0.302526 0.07728
-0.0258619 0.236019
0.312387 0.357927
-0.312693 -0.166266
0.426634 0.196933
-0.0877981 -0.0565244
0.0813289 -0.215855
-0.405166 0.191762
-0.334771 -0.144453
0.116652 -0.0847865
0.0435909 -0.0775707
-0.22039 0.0282622
0.326418 0.383784
-0.218586 -0.0209561
0.353884 0.132146
0.443932 0.14332
0.215569 0.0877931
0.0481008 0.218882
0.0886901 0.19543
0.0557527 -0.0198286
-0.127485 -0.041792
0.171011 0.163585
0.111606 -0.00750653
0.471733 0.121768
0.324709 0.115454
0.359215 0.211405
0.173031 0.321527
-0.0870114 -0.0376729
0.334471 0.349739
0.237613 0.210924
0.132587 0.0705051
0.203423 0.0933303
0.168365 0.114853
0.183398 0.128984
0.099995 -0.102255
-0.15665 0.102526
0.218275 0.108839
0.0560634 0.0294397
0.10222 0.0907997
0.150912 0.0532321
-0.300366 -0.146422
-0.295365 0.029124
0.215484 0.105317
0.47023 0.129585
0.355327 0.392258
0.41152 0.161721
0.178287 0.230006
0.379956 0.215374
-0.200085 -0.1774
0.189637 0.0843706
0.0547154 0.162959
-0.057732 0.0375827
0.312232 0.223341
0.282617 0.14552
0.221583 0.0826819
0.0625326 0.00811784
0.463279 0.128518
0.290549 0.0875125
0.29759 0.101097
0.40007 0.0847464
0.204445 0.0640409
-0.00782219 0.0438965
0.273878 0.158168
-0.207762 0.194528
0.146823 0.10701
0.134691 0.095009
0.306068 0.14101
-0.126634 -0.0258068
-0.392669 -0.058629
0.116351 0.252255
0.244528 0.146111
0.0171327 0.227901
0.0249499 -0.223993
0.257381 0.055477
-0.319017 0.201007
0.0393215 -0.212067
0.0712518 -0.0117258
0.341246 0.2273
0.126573 0.0980156
0.0210413 0.16386
0.0923482 -0.0479555
0.403979 0.160052
0.0405693 -0.118285
0.183403 0.0549709
-0.119328 0.017283
0.0507216 -0.163314
-0.121938 -0.124649
0.21136 0.0601323
-0.0162407 0.155743
0.328618 0.313891
-0.406349 -0.0781319
0.416471 0.137518
0.336435 0.282922
0.468726 0.12718
0.254605 0.173943
0.257927 0.100691
0.137558 0.236089
0.275401 0.0907997
0.353272 0.397474
0.406489 0.186109
0.278202 0.255803
-0.260077 0.238725
0.244132 0.110343
0.0714672 -0.103758
0.287427 0.214071
0.52044 0.0983814
0.187608 0.0664462
-0.203909 0.101308
0.469929 0.0917017
-0.218887 0.145821
-0.410363 0.0910854
-0.219788 -0.153638
0.138299 0.0880938
-0.398131 -0.0829325
0.0487022 0.0547204
0.155136 0.0709561
0.103082 0.135087
-0.276313 -0.105833
0.117589 0.0217879
0.428137 0.0847865
-0.595009 0.236831
-0.25677 0.162959
-0.78159 0.155081
-0.0225396 0.242188
0.610172 -0.248572
0.367934 -0.405993
0.26802 -0.222329
-0.851303 -0.198903
0.0255512 0.0835839
-0.0730607 0.153638
0.155136 0.0709561
0.170174 -0.00721589
0.253758 0.0547204
0.0748046 -0.230106
0.0813339 -0.482241
-0.44979 0.153638
-0.385147 0.0974143
0.221172 -0.311601
0.102681 -0.439246
0.199639 -0.347565
-0.300366 -0.146422
-0.825185 0.3911
-0.0400631 -0.30888
-0.826368 -0.14089
0.10222 0.0907997
-0.698863 -0.227641
-0.885443 0.398447
-0.815048 -0.351138
0.443716 -0.0632141
0.567949 -0.0583283
0.574263 -0.0469032
0.423572 0.00819303
0.376724 0.25466
0.55466 0.110117
-0.100626 -0.0106936
0.581239 -0.180693
0.442669 -0.167629
0.450025 -0.176659
0.397565 -0.159767
0.158529 -0.276293
0.415549 -0.153272
0.321382 0.332166
0.296247 -0.282181
0.651027 -0.12734
0.391837 -0.210343
0.237613 0.210924
0.454395 -0.1911
0.199288 -0.373863
0.172675 0.320966
0.396162 -0.21822
0.588189 -0.18176
-0.119328 0.017283
0.833699 -0.0758018
0.761811 -0.125656
0.0186059 -0.22503
0.601889 0.0202796
0.700977 -0.238886
0.876694 -0.0449339
0.682767 -0.305908
0.0309331 -0.241867
0.656013 -0.327696
0.424955 -0.291456
-0.0615404 0.267363
0.00885451 -0.220054
0.670044 -0.353553
0.12504 -0.0930999
0.579941 -0.226834
0.69751 -0.101914
0.559195 0.0238875
0.82522 -0.0301063
0.514637 -0.133353
0.668335 -0.059095
0.702841 -0.181174
0.678097 -0.319508
0.256615 -0.113274
0.516657 -0.291296
0.581239 -0.180693
0.655627 -0.338159
0.561901 -0.0392514
0.856209 -0.0578773
0.856249 -0.0795099
0.55911 -0.0286831
0.698953 -0.362026
0.755146 -0.131489
0.699985 -0.351012
0.521913 -0.199775
0.723582 -0.185142
0.143541 -0.253002
0.655858 -0.19311
0.661681 -0.202861
0.626243 -0.115289
0.641216 -0.0160253
0.743696 0.0330277
0.617504 -0.127936
0.588154 -0.11588
0.368576 -0.299594
0.382948 -0.287668
0.414878 -0.0654089
0.724579 0.0233764
0.684872 -0.197069
0.435974 -0.123557
0.384195 -0.193887
0.394348 -0.238916
0.221688 -0.200251
0.672244 -0.283659
0.618621 -0.146202
-0.062723 -0.153733
0.463279 0.128518
0.680061 -0.252691
0.481184 -0.205858
0.598231 -0.143711
0.696898 -0.367243
0.621828 -0.225571
0.750115 -0.155878
0.631053 -0.183839
0.813555 -0.0614703
-0.0667368 0.166687
0.123837 -0.229239
-0.0545049 -0.158534
0.0673131 -0.181434
0.771763 0.0329074
0.579771 -0.289778
-0.834807 0.164702
-0.725005 0.157887
0.426634 0.196933
0.77026 -0.166702
0.44528 0.302465
0.388309 -0.359872
0.60457 0.0523903
0.585182 -0.293987
0.580858 -0.118821
-0.970189 0.0391812
0.099995 -0.102255
0.22487 -0.19545
0.0616707 -0.371026
0.277931 -0.150436
0.158629 -0.235508
0.424273 -0.192659
0.0284426 0.374053
-0.933509 0.22037
-0.741732 -0.150241
-0.441817 -0.0661656
-0.928312 0.321046
-0.244944 -0.132051
0.187608 0.0664462
0.218866 0.0661305
-0.658469 -0.216276
-0.850246 0.286405
-0.358554 -0.264271
-0.845049 0.387082
-0.161681 -0.330156
-0.00376832 0.128122
0.678097 -0.319508
0.459346 0.0701543
0.539527 0.162127
0.473081 0.241501
0.552756 -0.441141
0.505367 0.245951
0.512407 0.205196
0.393105 -0.181529
-0.191531 -0.0434055
0.334471 0.349739
0.404455 0.255377
0.296147 -0.456574
0.56809 -0.492995
0.49302 -0.25892
-0.119954 -0.242368
-0.0614953 -0.126508
0.204445 0.0640409
0.372219 0.180698
0.223091 0.169573
0.382381 0.067724
0.506615 0.0628383
0.491281 0.152736
0.362994 0.222429
0.358669 0.124795
0.699985 -0.351012
0.561415 0.193631
0.494969 0.273006
0.318035 -0.42507
0.577951 -0.141907
0.534295 0.236701
0.514908 -0.227415
0.510583 0.0654891
-0.891932 0.146362
-0.872474 0.0803718
0.105693 -0.0782973
0.568806 -0.130683
-0.000741661 -0.239833
0.500596 -0.264286
0.582542 0.0350822
0.237267 -0.128077
0.621868 -0.00122269
0.502566 -0.214577
-0.0820705 -0.168536
0.598156 -0.142739
0.443932 0.14332
0.405607 -0.306259
0.60248 -0.240374
0.539762 -0.0138805
0.359215 0.211405
0.339557 -0.254109
0.351168 0.0301363
0.702841 -0.181174
0.320891 -0.374344
0.537152 0.0668621
0.517764 -0.308459
0.417849 -0.282662
0.356214 -0.201704
0.51344 -0.10435
-0.00782219 0.0438965
-0.0787733 0.0444979
0.470545 -0.230462
0.345836 -0.0491231
0.69751 -0.101914
0.53182 -0.0123973
0.284952 -0.242544
0.412518 -0.203402
0.508108 -0.131564
0.353884 0.132146
0.315559 -0.295084
0.509631 0.0184957
0.512432 -0.229199
0.470094 -0.21115
0.305698 -0.182988
-0.0321708 -0.0806074
0.426784 -0.294949
0.649694 -0.110779
0.362733 -0.261976
0.484005 -0.00353278
0.364702 -0.212267
0.566371 -0.0489076
0.460293 -0.140429
0.306068 0.14101
0.746242 -0.0366807
0.655141 -0.109441
0.44102 -0.156204
0.422279 -0.220014
0.464617 -0.238064
0.303067 -0.17288
0.652435 -0.0962117
-0.0667368 0.166687
-0.855036 0.293431
-0.951548 0.051809
-0.617027 0.181675
-0.936365 0.222134
-0.842709 0.310268
-0.256139 0.196337
-0.410363 0.0910854
-0.922685 0.202631
-0.970189 0.0391812
-0.448687 0.359857
-0.92479 0.140093
-0.935182 0.111921
-0.251814 0.293972
-0.914266 0.102511
-0.825381 0.114878
-0.864788 0.288455
-0.863755 0.283809
-0.748602 0.164958
-0.850246 0.286405
-0.174689 0.430427
-0.945235 0.0202395
-0.849033 0.115003
-0.889337 0.188214
-0.933509 0.22037
-0.877631 0.0905592
-0.314447 0.125962
-0.928147 0.226934
-0.475301 0.10232
-0.872474 0.0803718
-0.806329 0.249835
-0.83631 0.158088
-0.726508 0.177731
0.168365 0.114853
0.14106 -0.109892
0.346302 -0.0572009
0.518641 -0.0478052
0.226999 0.0441972
0.428668 0.029565
0.0417168 -0.00624377
0.723582 -0.185142
0.504831 -0.0642113
0.518566 0.107136
0.557892 0.0708308
0.43859 -0.286631
0.428668 0.029565
0.53418 -0.100381
0.379956 0.215374
0.360298 -0.25014
0.469688 -0.365564
0.341632 -0.378312
-0.144864 0.354219
0.538505 -0.312427
-0.935012 0.170159
-0.859421 0.0130637
0.682767 -0.305908
0.49769 -0.27252
0.293912 -0.271041
0.320505 -0.289537
0.243466 -0.286265
0.157547 -0.286831
0.46806 -0.365644
0.190173 -0.475927
0.387047 -0.410042
0.287132 -0.21828
0.462728 -0.286385
-0.395971 -0.0362899
-0.057732 0.0375827
0.120204 0.0550962
-0.0447986 0.0245039
0.276609 -0.332532
0.0705101 -0.440148
0.286771 -0.219558
0.343065 -0.250606
0.167468 -0.348467
-0.69756 -0.118085
-0.889337 0.188214
-0.397645 0.0303017
-0.88414 0.288891
-0.200772 -0.0355833
-0.813745 -0.0411004
-0.35448 0.120565
0.406489 0.186109
0.750115 -0.155878
0.611545 -0.0015033
0.342589 -0.0321257
0.566441 -0.341617
0.584426 0.0415664
0.5227 -0.265113
0.565038 -0.283163
0.465123 -0.257366
0.560714 -0.129645
0.514131 0.0757667
0.53632 0.0448737
0.516932 -0.28647
-0.914266 0.102511
-0.90907 0.203187
-0.945235 0.0202395
-0.940038 0.0537984
-0.869643 0.114086
0.0732812 -0.0598968
0.755146 -0.131489
0.403473 -0.019548
0.536395 -0.117864
0.616576 -0.0258919
0.55013 0.0534826
0.589457 0.0171778
0.582416 0.0579325
0.470154 -0.232978
0.503227 0.140073
0.275626 0.264547
0.565745 -0.154034
-0.118496 0.19989
0.41152 0.161721
0.481504 0.0673582
0.510142 -0.00604833
0.373196 -0.324659
-0.113299 0.300566
0.570069 -0.258774
-0.0429044 -0.253257
-0.00349772 0.0903437
0.343355 -0.294047
0.118616 -0.474724
0.291892 -0.326979
0.315489 -0.408839
0.391171 -0.285182
0.215574 -0.383043
-0.922685 0.202631
-0.730908 -0.132502
-0.392669 -0.058629
-0.294047 -0.114552
-0.430993 -0.0129485
-0.917488 0.303307
-0.214732 -0.10681
-0.23412 -0.0788334
0.12504 -0.0930999
0.0799459 -0.0657296
-0.663259 -0.223301
-0.595009 0.236831
-0.0406494 -0.0691371
-0.650932 -0.240138
-0.546001 0.0262477
-0.0321708 -0.0806074
-0.25691 0.10007
-0.730908 -0.132502
-0.743405 0.265634
-0.673011 -0.218325
-0.558629 0.0528262
-0.658469 -0.216276
-0.696633 -0.167378
-0.657256 0.27488
-0.69756 -0.118085
-0.685854 0.201548
0.105693 -0.0782973
-0.298918 0.0962818
-0.266987 -0.0855983
-0.167228 -0.0580327
0.0657396 -0.0615655
-0.425251 -0.0781119
-0.100626 -0.0106936
-0.287518 0.0475295
-0.744588 -0.152004
-0.218586 -0.0209561
-0.494889 -0.00441974
-0.598316 0.312598
-0.0600371 0.0341852
-0.633604 0.0554119
0.0732812 -0.0598968
-0.542148 -0.00482564
-0.698863 -0.227641
-0.741732 -0.150241
0.0417168 -0.00624377
-0.538324 0.0616155
-0.557126 0.219693
-0.748602 0.164958
-0.558028 -0.227511
-0.283524 0.0157246
-0.73637 -0.156805
-0.395971 -0.0362899
-0.614552 -0.179705
0.0249499 -0.223993
0.368576 -0.299594
-0.0133744 -0.492764
0.0435959 -0.188815
0.0428543 -0.407166
0.202886 -0.272174
0.183499 -0.426879
0.0835839 -0.401082
-0.650932 -0.240138
0.057727 -0.219383
0.0309331 -0.241867
0.0880938 -0.211731
-0.0208258 -0.27507
-0.134756 -0.214447
-0.158469 -0.271517
-0.842709 0.310268
-0.312693 -0.166266
-0.351017 -0.335859
0.0363801 -0.240529
-0.837512 0.410944
-0.767118 -0.320009
-0.062723 -0.153733
-0.201293 -0.140669
-0.228413 -0.126313
-0.252125 -0.183383
-0.406349 -0.0781319
-0.444673 -0.0714572
-0.057276 -0.152395
-0.931169 -0.0318501
-0.2478 -0.137342
-0.860774 -0.142859
-0.826368 -0.14089
-0.0557727 -0.154801
-0.744588 -0.152004
-0.00556225 -0.123597
-0.310433 -0.113009
-0.936365 0.222134
-0.82951 -0.271768
0.655627 -0.338159
0.489938 0.223847
0.47055 -0.240269
0.466226 0.0526358
0.336435 0.282922
0.680061 -0.252691
0.514372 0.138379
0.454395 -0.1911
0.267503 -0.36577
0.494984 -0.325737
0.395069 -0.248346
0.221583 0.0826819
0.498196 0.216376
0.399519 0.190394
-0.0615404 0.267363
-0.84984 0.394107
-0.78159 0.155081
-0.22723 0.239943
-0.837512 0.410944
-0.250942 0.297013
-0.732582 0.146402
-0.917488 0.303307
-0.443491 0.460533
-0.90907 0.203187
-0.859591 0.389131
-0.891932 0.146362
-0.745209 0.216416
-0.743405 0.265634
-0.845049 0.387082
-0.883213 0.338184
-0.49987 0.468671
-0.897945 0.161395
-0.843836 0.148562
-0.88414 0.288891
-0.872434 0.166842
-0.30925 0.226639
-0.854951 0.391401
-0.83631 0.158088
-0.20011 0.254299
-0.946352 0.0853678
-0.611831 0.282351
-0.934025 0.218601
-0.931169 -0.0318501
-0.405166 0.191762
-0.681469 0.175225
-0.246618 0.394648
-0.784897 0.161134
-0.825185 0.3911
-0.820184 0.215554
-0.858559 0.384486
-0.834807 0.164702
-0.857657 0.169814
-0.785799 0.216717
-0.169493 0.531103
-0.940038 0.0537984
-0.885443 0.398447
-0.728728 0.175631
-0.346532 0.368851
-0.928312 0.321046
-0.743706 0.160794
-0.935182 0.111921
-0.744608 0.398316
-0.922951 0.327611
-0.752982 0.172434
-0.801132 0.350511
0.300902 -0.321382
0.279314 -0.29555
0.0625326 0.00811784
0.0450992 0.0207456
0.359351 0.00312186
-0.558028 -0.227511
0.123837 -0.229239
-0.0147324 -0.216176
0.0720786 -0.262442
-0.0418521 -0.201819
-0.161155 -0.330728
-0.128082 -0.160854
0.10449 -0.244042
-0.0655642 -0.25889
-0.749805 0.29764
-0.219788 -0.153638
-0.258113 -0.297976
0.129284 -0.227901
-0.744608 0.398316
0.244132 0.110343
0.538485 -0.0535177
0.482862 0.0171377
0.422069 -0.0526909
0.402681 0.0835237
0.479254 -0.0550211
0.398356 -0.0141111
0.670044 -0.353553
0.451293 0.104199
0.531474 0.196172
0.504355 0.239241
0.385052 -0.147484
0.37513 0.197976
0.422334 0.279154
0.480642 0.0680297
-0.203598 0.421953
0.326418 0.383784
0.288094 -0.42253
0.484967 -0.224875
-0.657256 0.27488
-0.849033 0.115003
-0.319017 0.201007
-0.843836 0.148562
-0.734035 0.2248
0.0315594 0.277676
0.116652 -0.0847865
0.186636 -0.116241
0.0783273 -0.353558
0.356214 -0.201704
0.334937 -0.162959
0.478593 -0.0922079
0.294588 -0.132968
0.175286 -0.183103
0.643957 -0.0305923
0.612147 -0.0760674
0.557727 0.092303
-0.785799 0.216717
0.553012 -0.0721487
0.771763 0.0329074
0.633193 -0.0414913
0.481514 -0.247565
0.606073 -0.0271347
0.586686 -0.18184
0.479495 -0.0896222
0.856249 -0.0795099
0.611245 -0.0580277
0.717679 -0.0664462
0.651233 0.00150328
0.683519 0.00595312
0.690559 -0.0348016
0.666847 -0.10916
0.210673 -0.334436
0.397565 -0.159767
0.438154 -0.294403
0.338239 -0.217012
0.330963 -0.0177491
0.312387 0.357927
0.518947 -0.49531
0.437262 0.0783423
0.656013 -0.327696
0.517443 -0.314632
0.274063 -0.448386
0.483283 0.254139
0.490324 0.213384
0.470936 -0.250732
0.371021 -0.173341
0.466612 0.0421728
0.467328 -0.0547304
0.547805 0.00330729
0.592719 -0.00757665
0.599759 -0.0385598
-0.685854 0.201548
-0.877631 0.0905592
-0.872434 0.166842
0.336004 -0.322154
0.492589 0.0600521
0.373286 -0.275852
0.468877 -0.11116
-0.200085 -0.1774
-0.538324 0.0616155
0.170335 -0.230517
-0.248487 -0.242043
0.143541 -0.253002
-0.238409 -0.369262
-0.0415364 -0.380287
0.0714672 -0.103758
0.415093 -0.17936
0.0331429 -0.148336
0.249404 -0.151939
0.309165 -0.200907
0.130101 -0.240018
0.225692 -0.20901
0.386591 -0.0827571
0.423437 -0.0352025
0.574203 -0.0174634
0.473858 -0.100732
0.550491 -0.126498
-0.857657 0.169814
0.0657396 -0.0615655
0.609035 -0.0275606
0.581915 0.0155091
0.162387 -0.231785
0.462613 -0.231309
0.467724 -0.0681499
0.403979 0.160052
0.473963 0.0656895
0.365654 -0.322991
0.562528 -0.257106
0.49981 0.00285126
0.134691 0.095009
0.147625 0.0422429
0.0487022 0.0547204
-0.0787733 0.0444979
0.471733 0.121768
0.444428 -0.116807
0.649669 -0.0227751
0.546843 -0.00864402
0.506635 0.128217
0.613169 -0.0276759
0.493867 -0.188124
0.387047 -0.167709
0.0405693 -0.118285
0.384195 -0.193887
0.00224495 -0.191917
0.218506 -0.166466
0.0992032 -0.283599
0.238971 -0.280512
0.300872 -0.280743
0.194794 -0.223537
0.241005 -0.424855
0.55447 -0.341421
-0.897945 0.161395
-0.126634 -0.0258068
0.0949589 -0.00886955
0.507156 0.025932
0.414011 0.137102
